Distance Matrix:
[[0.    3.056 2.95  2.95  2.13  2.13  2.13  0.802 0.619 0.153 0.784 1.384
  2.878 1.34  1.76  1.351 2.725 2.371 2.857 2.276 5.493 5.369 4.937 4.604
  4.604]
 [4.794 0.    0.368 1.588 2.518 2.518 2.518 4.302 4.907 2.496 3.021 3.873
  3.4   4.302 4.665 1.722 3.247 2.893 3.379 2.798 6.015 5.891 5.459 5.126
  5.126]
 [4.688 0.368 0.    0.741 2.412 2.412 2.412 4.196 4.801 2.39  2.915 3.767
  3.294 4.196 4.559 1.616 3.141 2.787 3.273 2.692 5.909 5.785 5.353 5.02
  5.02 ]
 [4.688 1.588 0.741 0.    2.412 2.412 2.412 4.196 4.801 2.39  2.915 3.767
  3.294 4.196 4.559 1.616 3.141 2.787 3.273 2.692 5.909 5.785 5.353 5.02
  5.02 ]
 [3.868 2.518 2.412 2.412 0.    0.796 0.796 3.376 3.981 1.57  2.095 2.947
  2.474 3.376 3.739 0.813 2.321 1.967 2.453 1.872 5.089 4.965 4.533 4.2
  4.2  ]
 [3.868 2.518 2.412 2.412 0.796 0.    0.796 3.376 3.981 1.57  2.095 2.947
  2.474 3.376 3.739 0.813 2.321 1.967 2.453 1.872 5.089 4.965 4.533 4.2
  4.2  ]
 [1.386 2.518 2.412 2.412 0.796 0.796 0.    2.063 1.499 1.289 2.095 2.947
  2.474 3.376 3.739 0.813 2.321 1.967 2.453 1.872 5.089 4.965 4.533 4.2
  4.2  ]
 [0.802 3.733 3.627 3.627 2.807 2.807 2.807 0.    0.677 0.83  1.461 0.902
  0.902 0.416 1.278 2.028 3.085 1.831 3.534 2.953 3.633 4.005 3.573 3.24
  3.24 ]
 [0.375 3.169 3.063 3.063 2.243 2.243 2.243 0.677 0.    0.403 1.034 1.634
  2.991 1.59  2.01  1.464 2.838 2.484 2.97  2.389 5.606 5.482 5.05  4.717
  4.717]
 [0.153 2.496 2.39  2.39  1.57  1.57  1.57  0.83  0.522 0.    0.631 1.231
  1.214 1.187 1.607 0.791 1.279 0.707 2.297 1.716 4.933 3.705 3.273 2.94
  2.94 ]
 [0.784 3.021 2.915 2.915 2.095 2.095 2.095 1.461 1.153 0.631 0.    1.862
  1.739 1.818 3.004 1.316 1.804 1.232 2.822 2.241 5.458 4.23  3.798 3.465
  3.465]
 [1.384 3.873 3.767 3.767 2.947 2.947 2.947 0.902 1.753 1.231 1.862 0.
  0.473 0.761 0.761 2.168 2.656 1.402 3.674 3.093 3.204 2.772 2.34  2.007
  2.007]
 [1.384 3.4   3.294 3.294 2.474 2.474 2.474 0.902 2.061 1.214 1.739 0.473
  0.    0.902 1.322 1.695 2.183 0.929 3.201 2.62  2.731 3.103 2.671 2.338
  2.338]
 [1.34  4.302 4.196 4.196 3.376 3.376 3.376 0.416 1.709 1.187 1.818 0.761
  0.902 0.    0.761 2.597 3.085 1.831 4.103 3.522 3.633 3.533 3.101 2.768
  2.768]
 [1.76  4.665 4.559 4.559 3.739 3.739 3.739 1.278 2.129 1.607 3.004 0.761
  1.322 0.761 0.    2.96  3.448 2.194 4.466 3.885 3.882 2.772 2.34  2.007
  2.007]
 [4.022 1.903 1.797 1.797 1.851 1.851 1.851 3.53  4.135 1.724 2.249 3.101
  2.628 3.53  3.893 0.    2.475 2.121 2.607 2.026 5.243 5.119 4.687 4.354
  4.354]
 [4.483 3.247 3.141 3.141 2.321 2.321 2.321 3.085 4.596 1.279 1.804 2.656
  2.183 3.085 3.448 1.542 0.    1.015 3.048 2.467 5.684 4.674 4.242 3.909
  3.909]
 [4.129 2.893 2.787 2.787 1.967 1.967 1.967 1.831 4.242 0.707 1.232 1.402
  0.929 1.831 2.194 1.188 1.015 0.    2.694 2.113 5.33  3.42  2.988 2.655
  2.655]
 [5.342 4.106 4.    4.    3.18  3.18  3.18  4.85  5.455 3.044 3.569 4.421
  3.948 4.85  5.213 1.696 3.795 3.441 0.    3.346 3.217 6.439 6.007 5.674
  5.674]
 [6.351 5.115 5.009 5.009 4.189 4.189 4.189 5.859 6.464 4.053 4.578 5.43
  4.957 5.859 6.222 2.705 4.804 4.45  1.59  0.    4.226 7.448 7.016 6.683
  6.683]
 [7.249 6.013 5.907 5.907 5.087 5.087 5.087 3.633 7.362 4.951 5.476 3.204
  2.731 3.633 3.882 3.603 5.702 3.048 5.834 5.253 0.    2.31  1.476 1.809
  1.809]
 [7.127 5.891 5.785 5.785 4.965 4.965 4.965 4.005 7.24  3.705 4.23  2.772
  3.103 3.533 2.772 4.186 4.674 3.42  5.692 5.111 2.31  0.    1.538 0.985
  1.205]
 [6.695 5.459 5.353 5.353 4.533 4.533 4.533 3.573 6.808 3.273 3.798 2.34
  2.671 3.101 2.34  3.754 4.242 2.988 5.26  4.679 1.476 1.538 0.    0.333
  0.333]
 [6.362 5.126 5.02  5.02  4.2   4.2   4.2   3.24  6.475 2.94  3.465 2.007
  2.338 2.768 2.007 3.421 3.909 2.655 4.927 4.346 1.809 0.985 0.333 0.
  0.22 ]
 [6.362 5.126 5.02  5.02  4.2   4.2   4.2   3.24  6.475 2.94  3.465 2.007
  2.338 2.768 2.007 3.421 3.909 2.655 4.927 4.346 1.809 1.205 0.333 0.22
  0.   ]]